Dimensions,Average,Standard deviation
2, 0,00017030000000000, 0,00004774394422884
4, 0,00013110000000000, 0,00000960756281051
8, 0,00029870000000000, 0,00063482920206105
16, 0,00035010000000000, 0,00081713858259043
32, 0,00015840000000000, 0,00002136007096381
64, 0,00071890000000000, 0,00052695329863980
128, 0,00199845000000000, 0,00063059608183135
256, 0,00659795000000000, 0,00052290589623353
512, 0,04352524999999999, 0,00820494986594261
1024, 0,33680519999999997, 0,02217259621956322
2048, 2,55253524999999960, 0,06628983679019772
