Dimensions,Average,Standard deviation
2, 0,00000125000000000, 0,00000443520604162
4, 0,00000030000000000, 0,00000047016234598
8, 0,00000100000000000, 0,00000000000000000
16, 0,00000560000000000, 0,00000050262468995
32, 0,00003810000000000, 0,00000030779350563
64, 0,00047045000000000, 0,00021148882638147
128, 0,00247140000000000, 0,00020658562644248
256, 0,02005975000000000, 0,00066206661097538
512, 0,14415645000000000, 0,00201164728191651
1024, 1,03803095000000000, 0,02700259951906192
2048, 7,33612330000000000, 0,05961881484997661
